1.000000	0.635975	4.093119
1.000000	0.552438	3.804358
1.000000	0.855922	4.456531
1.000000	0.083386	3.187049
1.000000	0.975802	4.506176
1.000000	0.181269	3.171914
1.000000	0.129156	3.053996
1.000000	0.605648	3.974659
1.000000	0.301625	3.542525
1.000000	0.698805	4.234199
1.000000	0.226419	3.405937
1.000000	0.519290	3.932469
1.000000	0.354424	3.514051
1.000000	0.118380	3.105317
1.000000	0.512811	3.843351
1.000000	0.236795	3.576074
1.000000	0.353509	3.544471
1.000000	0.481447	3.934625
1.000000	0.060509	3.228226
1.000000	0.174090	3.300232
1.000000	0.806818	4.331785
1.000000	0.531462	3.908166
1.000000	0.853167	4.386918
1.000000	0.304804	3.617260
1.000000	0.612021	4.082411
1.000000	0.620880	3.949470
1.000000	0.580245	3.984041
1.000000	0.742443	4.251907
1.000000	0.110770	3.115214
1.000000	0.742687	4.234319
1.000000	0.574390	3.947544
1.000000	0.986378	4.532519
1.000000	0.294867	3.510392
1.000000	0.472125	3.927832
1.000000	0.872321	4.631825
1.000000	0.843537	4.482263
1.000000	0.864577	4.487656
1.000000	0.341874	3.486371
1.000000	0.097980	3.137514
1.000000	0.757874	4.212660
1.000000	0.877656	4.506268
1.000000	0.457993	3.800973
1.000000	0.475341	3.975979
1.000000	0.848391	4.494447
1.000000	0.746059	4.244715
1.000000	0.153462	3.019251
1.000000	0.694256	4.277945
1.000000	0.498712	3.812414
1.000000	0.023580	3.116973
1.000000	0.976826	4.617363
1.000000	0.624004	4.005158
1.000000	0.472220	3.874188
1.000000	0.390551	3.630228
1.000000	0.021349	3.145849
1.000000	0.173488	3.192618
1.000000	0.971028	4.540226
1.000000	0.595302	3.835879
1.000000	0.097638	3.141948
1.000000	0.745972	4.323316
1.000000	0.676390	4.204829
1.000000	0.488949	3.946710
1.000000	0.982873	4.666332
1.000000	0.296060	3.482348
1.000000	0.228008	3.451286
1.000000	0.671059	4.186388
1.000000	0.379419	3.595223
1.000000	0.285170	3.534446
1.000000	0.236314	3.420891
1.000000	0.629803	4.115553
1.000000	0.770272	4.257463
1.000000	0.493052	3.934798
1.000000	0.631592	4.154963
1.000000	0.965676	4.587470
1.000000	0.598675	3.944766
1.000000	0.351997	3.480517
1.000000	0.342001	3.481382
1.000000	0.661424	4.253286
1.000000	0.140912	3.131670
1.000000	0.373574	3.527099
1.000000	0.223166	3.378051
1.000000	0.908785	4.578960
1.000000	0.915102	4.551773
1.000000	0.410940	3.634259
1.000000	0.754921	4.167016
1.000000	0.764453	4.217570
1.000000	0.101534	3.237201
1.000000	0.780368	4.353163
1.000000	0.819868	4.342184
1.000000	0.173990	3.236950
1.000000	0.330472	3.509404
1.000000	0.162656	3.242535
1.000000	0.476283	3.907937
1.000000	0.636391	4.108455
1.000000	0.758737	4.181959
1.000000	0.778372	4.251103
1.000000	0.936287	4.538462
1.000000	0.510904	3.848193
1.000000	0.515737	3.974757
1.000000	0.437823	3.708323
1.000000	0.828607	4.385210
1.000000	0.556100	3.927788
1.000000	0.038209	3.187881
1.000000	0.321993	3.444542
1.000000	0.067288	3.199263
1.000000	0.774989	4.285745
1.000000	0.566077	3.878557
1.000000	0.796314	4.155745
1.000000	0.746600	4.197772
1.000000	0.360778	3.524928
1.000000	0.397321	3.525692
1.000000	0.062142	3.211318
1.000000	0.379250	3.570495
1.000000	0.248238	3.462431
1.000000	0.682561	4.206177
1.000000	0.355393	3.562322
1.000000	0.889051	4.595215
1.000000	0.733806	4.182694
1.000000	0.153949	3.320695
1.000000	0.036104	3.122670
1.000000	0.388577	3.541312
1.000000	0.274481	3.502135
1.000000	0.319401	3.537559
1.000000	0.431653	3.712609
1.000000	0.960398	4.504875
1.000000	0.083660	3.262164
1.000000	0.122098	3.105583
1.000000	0.415299	3.742634
1.000000	0.854192	4.566589
1.000000	0.925574	4.630884
1.000000	0.109306	3.190539
1.000000	0.805161	4.289105
1.000000	0.344474	3.406602
1.000000	0.769116	4.251899
1.000000	0.182003	3.183214
1.000000	0.225972	3.342508
1.000000	0.413088	3.747926
1.000000	0.964444	4.499998
1.000000	0.203334	3.350089
1.000000	0.285574	3.539554
1.000000	0.850209	4.443465
1.000000	0.061561	3.290370
1.000000	0.426935	3.733302
1.000000	0.389376	3.614803
1.000000	0.096918	3.175132
1.000000	0.148938	3.164284
1.000000	0.893738	4.619629
1.000000	0.195527	3.426648
1.000000	0.407248	3.670722
1.000000	0.224357	3.412571
1.000000	0.045963	3.110330
1.000000	0.944647	4.647928
1.000000	0.756552	4.164515
1.000000	0.432098	3.730603
1.000000	0.990511	4.609868
1.000000	0.649699	4.094111
1.000000	0.584879	3.907636
1.000000	0.785934	4.240814
1.000000	0.029945	3.106915
1.000000	0.075747	3.201181
1.000000	0.408408	3.872302
1.000000	0.583851	3.860890
1.000000	0.497759	3.884108
1.000000	0.421301	3.696816
1.000000	0.140320	3.114540
1.000000	0.546465	3.791233
1.000000	0.843181	4.443487
1.000000	0.295390	3.535337
1.000000	0.825059	4.417975
1.000000	0.946343	4.742471
1.000000	0.350404	3.470964
1.000000	0.042787	3.113381
1.000000	0.352487	3.594600
1.000000	0.590736	3.914875
1.000000	0.120748	3.108492
1.000000	0.143140	3.152725
1.000000	0.511926	3.994118
1.000000	0.496358	3.933417
1.000000	0.382802	3.510829
1.000000	0.252464	3.498402
1.000000	0.845894	4.460441
1.000000	0.132023	3.245277
1.000000	0.442301	3.771067
1.000000	0.266889	3.434771
1.000000	0.008575	2.999612
1.000000	0.897632	4.454221
1.000000	0.533171	3.985348
1.000000	0.285243	3.557982
1.000000	0.377258	3.625972
1.000000	0.486995	3.922226
1.000000	0.305993	3.547421
1.000000	0.277528	3.580944
1.000000	0.750899	4.268081
1.000000	0.694756	4.278096
1.000000	0.870158	4.517640
1.000000	0.276457	3.555461
1.000000	0.017761	3.055026
1.000000	0.802046	4.354819
1.000000	0.559275	3.894387
1.000000	0.941305	4.597773
1.000000	0.856877	4.523616
